[10. 10.]

-0.06390903996597383

[[[  0   0   0   0   0   0   0   0   0   0   0]
  [ 10  10  10  10  10  10  10  10  10  10  10]
  [ 20  20  20  20  20  20  20  20  20  20  20]
  [ 30  30  30  30  30  30  30  30  30  30  30]
  [ 40  40  40  40  40  40  40  40  40  40  40]
  [ 50  50  50  50  50  50  50  50  50  50  50]
  [ 60  60  60  60  60  60  60  60  60  60  60]
  [ 70  70  70  70  70  70  70  70  70  70  70]
  [ 80  80  80  80  80  80  80  80  80  80  80]
  [ 90  90  90  90  90  90  90  90  90  90  90]
  [100 100 100 100 100 100 100 100 100 100 100]]

 [[  0  10  20  30  40  50  60  70  80  90 100]
  [  0  10  20  30  40  50  60  70  80  90 100]
  [  0  10  20  30  40  50  60  70  80  90 100]
  [  0  10  20  30  40  50  60  70  80  90 100]
  [  0  10  20  30  40  50  60  70  80  90 100]
  [  0  10  20  30  40  50  60  70  80  90 100]
  [  0  10  20  30  40  50  60  70  80  90 100]
  [  0  10  20  30  40  50  60  70  80  90 100]
  [  0  10  20  30  40  50  60  70  80  90 100]
  [  0  10  20  30  40  50  60  70  80  90 100]
  [  0  10  20  30  40  50  60  70  80  90 100]]]

[[-0.00753414 -0.02656182 -0.0624069  -0.06215367 -0.06024234 -0.05936037
  -0.05925622 -0.05918831 -0.05918831 -0.05918831 -0.05917745]
 [-0.04520211 -0.06390904 -0.0624069  -0.06266791 -0.06181089 -0.06115421
  -0.06120701 -0.06117466 -0.06117466 -0.06117466 -0.06116304]
 [-0.04520211 -0.06372035 -0.06234512 -0.06261305 -0.06175965 -0.06110491
  -0.06115892 -0.06112671 -0.06112671 -0.06112671 -0.06111509]
 [-0.04520211 -0.06374861 -0.06239219 -0.06266912 -0.06181048 -0.06115275
  -0.06120565 -0.06117325 -0.06117325 -0.06117325 -0.06116161]
 [-0.04520211 -0.06374861 -0.0624079  -0.06268316 -0.0618232  -0.0611767
  -0.06122904 -0.06119654 -0.06119654 -0.06119654 -0.06118489]
 [-0.04520211 -0.06380519 -0.06247081 -0.06273936 -0.06187413 -0.06122466
  -0.06127588 -0.06125485 -0.06125485 -0.06125485 -0.06124318]
 [-0.04520211 -0.06364534 -0.06237775 -0.06265654 -0.06179755 -0.06115148
  -0.06121618 -0.06119534 -0.06119534 -0.06119534 -0.06118367]
 [-0.04520211 -0.06364534 -0.06242497 -0.06269872 -0.06183577 -0.06118747
  -0.06125134 -0.06123037 -0.06123037 -0.06123037 -0.06121869]
 [-0.04520211 -0.06367362 -0.06244073 -0.06271279 -0.06186128 -0.06121149
  -0.0612748  -0.06125374 -0.06125374 -0.06125374 -0.06124205]
 [-0.04520211 -0.06367362 -0.06244073 -0.06272687 -0.06187405 -0.0612235
  -0.06128654 -0.06126544 -0.06126544 -0.06126544 -0.06125374]
 [-0.04520211 -0.06370194 -0.06247227 -0.06275505 -0.06189959 -0.06124754
  -0.06131003 -0.06128884 -0.06128884 -0.06128884 -0.06127714]]