[60.  0.]

-0.08359865439111713

[[[  0   0   0   0   0   0   0   0   0   0   0]
  [ 10  10  10  10  10  10  10  10  10  10  10]
  [ 20  20  20  20  20  20  20  20  20  20  20]
  [ 30  30  30  30  30  30  30  30  30  30  30]
  [ 40  40  40  40  40  40  40  40  40  40  40]
  [ 50  50  50  50  50  50  50  50  50  50  50]
  [ 60  60  60  60  60  60  60  60  60  60  60]
  [ 70  70  70  70  70  70  70  70  70  70  70]
  [ 80  80  80  80  80  80  80  80  80  80  80]
  [ 90  90  90  90  90  90  90  90  90  90  90]
  [100 100 100 100 100 100 100 100 100 100 100]]

 [[  0  10  20  30  40  50  60  70  80  90 100]
  [  0  10  20  30  40  50  60  70  80  90 100]
  [  0  10  20  30  40  50  60  70  80  90 100]
  [  0  10  20  30  40  50  60  70  80  90 100]
  [  0  10  20  30  40  50  60  70  80  90 100]
  [  0  10  20  30  40  50  60  70  80  90 100]
  [  0  10  20  30  40  50  60  70  80  90 100]
  [  0  10  20  30  40  50  60  70  80  90 100]
  [  0  10  20  30  40  50  60  70  80  90 100]
  [  0  10  20  30  40  50  60  70  80  90 100]
  [  0  10  20  30  40  50  60  70  80  90 100]]]

[[-0.07580531 -0.02656216 -0.06162854 -0.02665303 -0.0610803  -0.02656182
  -0.02665303 -0.02656182 -0.02656182 -0.02656182 -0.02656182]
 [-0.07580531 -0.06343318 -0.06162854 -0.06404085 -0.0610803  -0.06390904
  -0.06393736 -0.06393736 -0.06393736 -0.06396571 -0.06396571]
 [-0.07580531 -0.06351697 -0.06162854 -0.0640692  -0.0610803  -0.06372035
  -0.06393736 -0.06396571 -0.06396571 -0.06396571 -0.06396571]
 [-0.07580531 -0.06368521 -0.06162854 -0.06412596 -0.0610803  -0.06374861
  -0.06396571 -0.06396571 -0.06399409 -0.06399409 -0.06399409]
 [-0.07580531 -0.06360945 -0.06162854 -0.06396571 -0.0610803  -0.06374861
  -0.06399409 -0.06402249 -0.06402249 -0.06402249 -0.06402249]
 [-0.07580531 -0.06353338 -0.06162854 -0.06402249 -0.0610803  -0.06380519
  -0.06402249 -0.06402249 -0.06402249 -0.06402249 -0.06402249]
 [-0.08359865 -0.06345793 -0.06162854 -0.06386282 -0.0610803  -0.06364534
  -0.06405092 -0.06405092 -0.06405092 -0.06405092 -0.06405092]
 [-0.00714286 -0.06354266 -0.06162854 -0.06386282 -0.0610803  -0.06364534
  -0.06386282 -0.06386282 -0.06386282 -0.06386282 -0.06386282]
 [-0.         -0.06307195 -0.06162854 -0.06391961 -0.0610803  -0.06367362
  -0.0638912  -0.06386282 -0.06386282 -0.06386282 -0.06386282]
 [-0.         -0.06273214 -0.06162854 -0.0639765  -0.0610803  -0.06367362
  -0.0638912  -0.0638912  -0.0638912  -0.0638912  -0.0638912 ]
 [-0.         -0.06268118 -0.06162854 -0.06379461 -0.0610803  -0.06370194
  -0.06391961 -0.0638912  -0.0638912  -0.0638912  -0.0638912 ]]