[10.  0.]

-0.08359865439111713

[[[  0   0   0   0   0   0   0   0   0   0   0]
  [  2   2   2   2   2   2   2   2   2   2   2]
  [  4   4   4   4   4   4   4   4   4   4   4]
  [  6   6   6   6   6   6   6   6   6   6   6]
  [  8   8   8   8   8   8   8   8   8   8   8]
  [ 10  10  10  10  10  10  10  10  10  10  10]
  [ 12  12  12  12  12  12  12  12  12  12  12]
  [ 14  14  14  14  14  14  14  14  14  14  14]
  [ 16  16  16  16  16  16  16  16  16  16  16]
  [ 18  18  18  18  18  18  18  18  18  18  18]
  [ 20  20  20  20  20  20  20  20  20  20  20]]

 [[  0  10  20  30  40  50  60  70  80  90 100]
  [  0  10  20  30  40  50  60  70  80  90 100]
  [  0  10  20  30  40  50  60  70  80  90 100]
  [  0  10  20  30  40  50  60  70  80  90 100]
  [  0  10  20  30  40  50  60  70  80  90 100]
  [  0  10  20  30  40  50  60  70  80  90 100]
  [  0  10  20  30  40  50  60  70  80  90 100]
  [  0  10  20  30  40  50  60  70  80  90 100]
  [  0  10  20  30  40  50  60  70  80  90 100]
  [  0  10  20  30  40  50  60  70  80  90 100]
  [  0  10  20  30  40  50  60  70  80  90 100]]]

[[-0.06651057 -0.04530861 -0.04525802 -0.04572567 -0.04520211 -0.04520211
  -0.04506341 -0.04506341 -0.04506341 -0.04501338 -0.04501338]
 [-0.07768337 -0.06068502 -0.06202612 -0.05564761 -0.06157446 -0.06085679
  -0.06146551 -0.06146551 -0.06146551 -0.05414284 -0.05414284]
 [-0.07967825 -0.06215451 -0.05911215 -0.0632497  -0.06292882 -0.05831541
  -0.05869191 -0.05869191 -0.05869191 -0.05869191 -0.05869191]
 [-0.08107821 -0.06257551 -0.06302583 -0.06328436 -0.06299091 -0.05829516
  -0.06347523 -0.06347523 -0.06347523 -0.06350904 -0.06350904]
 [-0.08320737 -0.06459316 -0.06520701 -0.06497038 -0.06473375 -0.06473375
  -0.06517436 -0.06517436 -0.06517436 -0.06517436 -0.06517436]
 [-0.08359865 -0.06345793 -0.06162854 -0.06386282 -0.0610803  -0.06364534
  -0.06405092 -0.06405092 -0.06405092 -0.06405092 -0.06405092]
 [-0.08221392 -0.06516869 -0.06492628 -0.06447563 -0.06536248 -0.06399555
  -0.06422078 -0.06422078 -0.0657262  -0.0657262  -0.0657262 ]
 [-0.08330882 -0.06413271 -0.06463802 -0.06482273 -0.06463802 -0.06450239
  -0.06468724 -0.06466296 -0.06466296 -0.06468724 -0.06468724]
 [-0.07949853 -0.06224753 -0.06236255 -0.06248582 -0.0623539  -0.0623539
  -0.06248582 -0.06245252 -0.06245252 -0.06245252 -0.06245252]
 [-0.07806323 -0.06226711 -0.06239506 -0.06251466 -0.06238642 -0.06238642
  -0.06251466 -0.06257774 -0.06257774 -0.06257774 -0.06257774]
 [-0.07677667 -0.06227716 -0.06229287 -0.06239348 -0.06237775 -0.06237775
  -0.06259563 -0.06257986 -0.06257986 -0.06257986 -0.06257986]]